6185102792240140886
8755853977552987277
12153648923418518200
11151532166486038253
14782797682586776746
2586638353860241226
7797222088981460957
16914106676243337695
17380016107309069740
4872519857840070441
6460741950156061217
15320042189458576624
4481581871270843759
2526133772389730536
5671471283886933426
10835273698295202758
17316774662183274765
8176539551367944027
10882105840989348892
18390115156762500293
13500830528455456567
1401127988487338646
7700681765202323159
15807079958706394540
9319425482262338153
2093561245321342307
10636268072709740349
1266588499924407455
245054974385835927
16197236351957724232
